Teeling	AAJM01000001.1	AB271153.1	AB924553.1	ABBL01000658.1	AE005176.1	AE017225.1	AE017262.2	AESA02000475.1	AEUD01000001.1	AF063097.1	AGSG01000011.1	AHZD02000001.1	AJ294424.1	ALPT02000001.1	AM181176.4	AM406671.1	AM747720.1	ANJD01000008.1	AOEL01000002.1	AP006725.1	AP009333.1	AP012495.1	AP019815.1	AP023028.1	AP023291.1	ARVZ01000001.1	BA000002.3	CAADJD010000018.1	CABEEN010000068.1	CABFNM010000001.1	CM000716.1	CM001046.1	CM007353.1	CM022176.1	CP000312.1	CP000438.1	CP000458.1	CP000802.1	CP002178.1	CP002185.1	CP002341.1	CP002491.1	CP002833.1	CP002910.1	CP003301.1	CP003871.4	CP003876.1	CP004054.2	CP005965.1	CP005976.1	CP006729.2	CP006831.1	CP006850.1	CP006870.1	CP007149.1	CP007210.1	CP008957.1	CP009538.1	CP009628.1	CP009902.1	CP010005.1	CP010359.1	CP010812.1	CP011301.1	CP012388.1	CP012831.1	CP013243.1	CP013275.1	CP014196.1	CP014225.1	CP014269.1	CP014272.1	CP014471.1	CP015107.1	CP015831.1	CP016400.1	CP016625.1	CP017605.1	CP019576.1	CP019717.1	CP020000.1	CP020369.1	CP020543.1	CP021427.1	CP021694.1	CP022312.1	CP022426.1	CP022580.1	CP023567.1	CP025935.1	CP027114.1	CP027116.1	CP028326.1	CP029604.1	CP030026.1	CP031023.1	CP031778.1	CP031919.1	CP032931.1	CP033344.1	CP034099.1	CP034551.1	CP037440.1	CP038008.1	CP038102.1	CP038158.1	CP041356.1	CP041620.1	CP041695.1	CP041995.1	CP044191.1	CP045048.1	CP049045.1	CP050202.1	CP051128.1	CP051263.1	CP051546.1	CP052842.1	CP053601.1	CP053602.1	CP054868.1	CP062127.1	CP064311.1	CP064339.1	CP066087.1	CP067365.1	CP067417.1	CP070977.1	CP071526.1	CP071764.1	CP071765.1	CP071820.1	CP071823.1	CP071824.1	CP074377.1	CP075894.1	CU468135.1	DQ150570.1	DQ647386.1	EF395958.1	FNRZ01000004.1	GL545251.1	GL636778.1	GU434162.1	HG519799.1	HG530068.1	JH705685.1	JHNB01000081.1	JRGH01000002.1	JTHM01000015.1	KB944590.1	KE136335.1	KE137323.1	KN150799.1	KT204538.1	KV917375.1	KV917376.1	KY887560.1	LC009549.1	LR607333.1	LR607341.1	LR607350.1	LT618789.1	LT963402.1	MK070124.1	MN121516.1	MN856100.1	MT880588.1	MT880590.1	MTZF01000001.1	MW853708.1	MW940615.1	MW940625.1	MZ203804.1	MZ243210.1	NBSQ01000002.1	NC_000854.2	NC_003210.1	NC_023074.1	NGMG01000001.1	NG_047312.1	NQJM01000001.1	NZ_AFTH01000815.1	NZ_CACVBA010000004.1	NZ_CM000719.1	NZ_CP012543.1	NZ_CP027782.1	NZ_CP037425.1	NZ_CP040105.1	NZ_CP071056.1	NZ_CP073707.1	NZ_CTND01000086.1	NZ_JAANPZ010000004.1	NZ_JAAXPD010000001.1	NZ_JABTEA010000001.1	NZ_JACFXQ010000094.1	NZ_JAEMXB010000073.1	NZ_JAEMXF010000041.1	NZ_JAGGMP010000001.1	NZ_JAHEAF010000155.1	NZ_JAHEOK010000096.1	NZ_JTHH01000008.1	NZ_KB849320.1	NZ_KB849912.1	NZ_LR134352.1	NZ_MH067971.1	NZ_MW598241.1	NZ_QLOB01000001.1	NZ_RKIY01000003.1	NZ_VBSS01000130.1	PEKX01000020.1	PHHD01000001.1	POWA01000006.1	QEOC01000001.1	QFNH01000001.1	QOUU01000001.1	QUAI01000001.1	QUSF01000001.1	RBJN01000260.1	SDYA01000001.1	UZVX01000004.1
AAJM01000001.1	1.00E+00	5.05E-01	5.04E-01	4.69E-01	3.92E-01	3.40E-01	3.61E-01	4.52E-01	4.94E-01	4.84E-01	4.77E-01	4.60E-01	4.90E-01	4.25E-01	4.62E-01	3.99E-01	4.81E-01	4.71E-01	4.59E-01	4.69E-01	3.96E-01	4.42E-01	4.52E-01	3.90E-01	4.66E-01	4.83E-01	4.83E-01	4.76E-01	4.76E-01	4.49E-01	3.39E-01	3.61E-01	3.93E-01	5.58E-01	3.86E-01	4.70E-01	4.82E-01	4.52E-01	4.33E-01	4.49E-01	4.67E-01	3.85E-01	4.72E-01	4.69E-01	4.48E-01	4.07E-01	4.84E-01	4.69E-01	4.65E-01	4.58E-01	4.05E-01	4.71E-01	4.83E-01	4.83E-01	4.47E-01	3.59E-01	4.46E-01	4.74E-01	3.46E-01	3.40E-01	3.41E-01	4.65E-01	4.49E-01	4.80E-01	4.13E-01	4.64E-01	4.16E-01	3.35E-01	4.80E-01	4.51E-01	4.53E-01	4.52E-01	4.14E-01	3.96E-01	4.47E-01	3.71E-01	4.45E-01	4.49E-01	3.80E-01	4.48E-01	3.67E-01	4.58E-01	4.50E-01	3.75E-01	3.97E-01	4.62E-01	4.84E-01	4.85E-01	4.68E-01	4.75E-01	4.86E-01	3.88E-01	4.40E-01	4.92E-01	4.57E-01	4.83E-01	3.41E-01	4.47E-01	4.83E-01	4.68E-01	4.93E-01	3.36E-01	4.45E-01	4.70E-01	4.81E-01	4.27E-01	4.04E-01	4.47E-01	4.92E-01	3.73E-01	4.53E-01	4.04E-01	4.48E-01	4.50E-01	3.60E-01	4.49E-01	4.16E-01	4.13E-01	4.51E-01	4.51E-01	4.50E-01	3.62E-01	4.33E-01	3.98E-01	3.98E-01	4.37E-01	4.86E-01	4.79E-01	4.75E-01	5.02E-01	4.93E-01	4.67E-01	4.86E-01	4.80E-01	4.56E-01	4.96E-01	4.71E-01	5.02E-01	4.81E-01	4.70E-01	4.85E-01	3.67E-01	4.97E-01	4.89E-01	5.03E-01	4.65E-01	4.60E-01	4.56E-01	4.00E-01	4.60E-01	3.89E-01	4.67E-01	4.69E-01	4.69E-01	4.87E-01	3.54E-01	4.14E-01	4.81E-01	4.90E-01	4.74E-01	4.78E-01	4.73E-01	4.92E-01	4.55E-01	4.87E-01	4.80E-01	4.29E-01	5.25E-01	5.21E-01	4.51E-01	4.92E-01	4.77E-01	4.76E-01	4.76E-01	4.87E-01	4.76E-01	4.83E-01	3.59E-01	4.33E-01	4.19E-01	5.10E-01	4.71E-01	5.05E-01	4.79E-01	3.39E-01	4.78E-01	4.08E-01	4.56E-01	3.65E-01	4.87E-01	4.83E-01	5.10E-01	4.54E-01	4.80E-01	3.65E-01	5.04E-01	4.81E-01	4.92E-01	4.75E-01	4.82E-01	5.03E-01	3.40E-01	4.99E-01	5.02E-01	4.94E-01	4.88E-01	4.63E-01	3.82E-01	3.46E-01	4.97E-01	4.67E-01	4.59E-01	4.72E-01	4.77E-01	4.96E-01	4.65E-01	4.68E-01	5.27E-01	4.86E-01	4.46E-01	4.79E-01
AB271153.1	5.05E-01	1.00E+00	5.03E-01	4.90E-01	4.78E-01	4.82E-01	4.75E-01	4.94E-01	4.92E-01	4.89E-01	4.88E-01	4.68E-01	5.10E-01	4.95E-01	4.85E-01	4.82E-01	5.05E-01	4.82E-01	4.79E-01	4.80E-01	4.81E-01	4.86E-01	5.02E-01	4.95E-01	4.70E-01	4.99E-01	4.97E-01	4.92E-01	4.72E-01	4.67E-01	4.81E-01	4.73E-01	4.81E-01	5.15E-01	4.89E-01	4.87E-01	5.06E-01	4.75E-01	4.97E-01	4.72E-01	4.90E-01	4.75E-01	5.13E-01	4.81E-01	4.66E-01	4.85E-01	4.89E-01	4.86E-01	4.96E-01	4.88E-01	4.85E-01	4.84E-01	4.88E-01	4.95E-01	4.76E-01	4.74E-01	4.73E-01	5.13E-01	4.77E-01	4.77E-01	4.80E-01	4.90E-01	4.70E-01	5.00E-01	4.96E-01	4.89E-01	4.74E-01	4.77E-01	4.90E-01	4.73E-01	4.75E-01	4.73E-01	4.93E-01	4.72E-01	4.67E-01	4.87E-01	4.75E-01	4.80E-01	4.85E-01	4.75E-01	4.62E-01	4.80E-01	4.69E-01	5.06E-01	4.54E-01	4.89E-01	4.82E-01	4.93E-01	4.73E-01	4.98E-01	4.96E-01	4.85E-01	4.97E-01	4.97E-01	4.81E-01	4.92E-01	4.76E-01	4.66E-01	4.84E-01	4.73E-01	5.05E-01	4.77E-01	4.78E-01	4.77E-01	4.79E-01	4.78E-01	4.78E-01	4.74E-01	4.93E-01	4.91E-01	4.79E-01	4.80E-01	4.86E-01	4.78E-01	4.81E-01	4.71E-01	4.83E-01	4.96E-01	4.72E-01	4.73E-01	4.85E-01	4.73E-01	4.92E-01	4.61E-01	4.77E-01	5.04E-01	4.91E-01	5.07E-01	5.10E-01	4.93E-01	4.85E-01	4.92E-01	4.98E-01	4.83E-01	4.99E-01	5.03E-01	4.84E-01	4.99E-01	5.04E-01	4.96E-01	4.91E-01	4.86E-01	5.11E-01	4.98E-01	4.96E-01	4.85E-01	4.81E-01	4.73E-01	4.78E-01	4.89E-01	4.79E-01	4.87E-01	4.85E-01	4.84E-01	4.98E-01	4.71E-01	4.84E-01	4.97E-01	4.92E-01	4.77E-01	4.87E-01	4.83E-01	4.90E-01	4.87E-01	4.99E-01	5.12E-01	4.84E-01	5.01E-01	5.06E-01	4.86E-01	5.26E-01	4.85E-01	4.87E-01	5.10E-01	5.01E-01	5.06E-01	4.97E-01	4.78E-01	4.97E-01	4.81E-01	4.89E-01	4.76E-01	4.90E-01	4.82E-01	4.75E-01	5.08E-01	4.84E-01	4.75E-01	4.67E-01	5.03E-01	5.16E-01	4.95E-01	4.91E-01	5.00E-01	4.81E-01	5.01E-01	5.09E-01	4.89E-01	4.73E-01	4.98E-01	4.76E-01	4.79E-01	5.05E-01	4.91E-01	4.89E-01	4.88E-01	4.80E-01	4.77E-01	4.79E-01	5.05E-01	4.85E-01	4.79E-01	4.80E-01	4.98E-01	4.94E-01	5.09E-01	4.97E-01	5.13E-01	4.91E-01	4.77E-01	5.08E-01
AB924553.1	5.04E-01	5.03E-01	1.00E+00	4.91E-01	4.83E-01	4.81E-01	4.88E-01	4.56E-01	5.04E-01	4.89E-01	4.82E-01	4.81E-01	5.02E-01	5.03E-01	4.96E-01	4.86E-01	5.01E-01	4.96E-01	4.83E-01	4.78E-01	4.71E-01	4.76E-01	4.95E-01	4.77E-01	4.92E-01	5.06E-01	5.01E-01	4.78E-01	4.84E-01	4.88E-01	4.77E-01	4.89E-01	4.80E-01	4.95E-01	4.81E-01	4.90E-01	4.98E-01	4.91E-01	4.94E-01	4.92E-01	4.80E-01	4.79E-01	5.02E-01	4.78E-01	4.85E-01	4.98E-01	5.11E-01	4.93E-01	4.92E-01	4.97E-01	4.97E-01	4.93E-01	5.06E-01	5.01E-01	4.95E-01	4.89E-01	4.89E-01	4.99E-01	4.77E-01	4.78E-01	4.75E-01	4.96E-01	4.94E-01	4.93E-01	4.88E-01	5.01E-01	4.78E-01	4.79E-01	4.93E-01	4.91E-01	4.93E-01	4.91E-01	4.74E-01	4.76E-01	4.82E-01	4.87E-01	4.89E-01	4.94E-01	4.77E-01	4.85E-01	4.77E-01	5.02E-01	4.88E-01	4.94E-01	4.80E-01	4.98E-01	5.05E-01	5.00E-01	4.81E-01	4.95E-01	4.99E-01	4.87E-01	4.83E-01	5.00E-01	4.93E-01	4.91E-01	4.78E-01	4.86E-01	4.79E-01	4.89E-01	4.78E-01	4.79E-01	4.86E-01	4.86E-01	5.14E-01	4.73E-01	4.85E-01	4.86E-01	5.13E-01	4.83E-01	4.83E-01	4.93E-01	4.96E-01	4.88E-01	4.69E-01	4.95E-01	4.97E-01	4.77E-01	4.91E-01	4.92E-01	4.93E-01	4.89E-01	5.00E-01	4.78E-01	4.77E-01	4.81E-01	5.03E-01	4.93E-01	4.98E-01	4.98E-01	5.21E-01	4.71E-01	4.89E-01	4.93E-01	4.97E-01	5.09E-01	4.88E-01	5.01E-01	4.91E-01	4.88E-01	5.10E-01	4.74E-01	4.93E-01	4.99E-01	4.91E-01	4.94E-01	4.84E-01	4.95E-01	4.76E-01	4.98E-01	4.87E-01	4.94E-01	4.92E-01	4.88E-01	4.96E-01	4.82E-01	4.78E-01	5.07E-01	4.93E-01	4.82E-01	4.76E-01	4.75E-01	5.06E-01	5.05E-01	4.99E-01	4.98E-01	4.94E-01	4.92E-01	4.94E-01	5.02E-01	5.06E-01	4.93E-01	4.92E-01	4.97E-01	5.17E-01	4.98E-01	5.01E-01	4.87E-01	4.94E-01	4.76E-01	4.83E-01	4.80E-01	5.27E-01	5.11E-01	4.75E-01	5.05E-01	4.76E-01	4.98E-01	4.72E-01	4.86E-01	4.99E-01	4.88E-01	4.97E-01	5.14E-01	4.73E-01	4.99E-01	5.09E-01	5.03E-01	4.89E-01	4.92E-01	4.93E-01	4.75E-01	4.95E-01	4.93E-01	5.08E-01	4.94E-01	4.73E-01	4.66E-01	4.75E-01	5.01E-01	4.98E-01	5.01E-01	4.85E-01	5.07E-01	4.95E-01	4.97E-01	5.04E-01	4.79E-01	5.00E-01	4.77E-01	4.98E-01
ABBL01000658.1	4.69E-01	4.90E-01	4.91E-01	1.00E+00	4.86E-01	4.77E-01	4.75E-01	4.73E-01	4.43E-01	4.89E-01	4.68E-01	4.26E-01	4.87E-01	4.94E-01	3.96E-01	4.94E-01	3.71E-01	4.36E-01	4.30E-01	4.23E-01	4.95E-01	4.67E-01	4.57E-01	4.62E-01	4.10E-01	4.32E-01	4.73E-01	4.31E-01	4.08E-01	4.15E-01	4.73E-01	4.78E-01	5.01E-01	5.05E-01	4.97E-01	4.00E-01	3.73E-01	4.13E-01	4.93E-01	4.12E-01	4.39E-01	4.86E-01	3.66E-01	4.24E-01	4.11E-01	4.95E-01	4.17E-01	4.00E-01	4.46E-01	4.02E-01	4.98E-01	3.98E-01	4.23E-01	4.08E-01	4.09E-01	4.78E-01	4.13E-01	3.69E-01	4.77E-01	4.74E-01	4.74E-01	4.14E-01	4.35E-01	3.69E-01	4.65E-01	4.10E-01	5.05E-01	4.70E-01	4.32E-01	4.14E-01	4.14E-01	4.12E-01	4.45E-01	4.93E-01	4.13E-01	4.65E-01	4.13E-01	4.61E-01	4.91E-01	4.29E-01	4.59E-01	4.02E-01	4.16E-01	4.77E-01	4.66E-01	4.05E-01	4.13E-01	4.37E-01	4.11E-01	4.29E-01	4.33E-01	4.56E-01	4.57E-01	4.32E-01	4.01E-01	4.49E-01	4.73E-01	4.12E-01	4.69E-01	4.10E-01	4.60E-01	4.77E-01	4.50E-01	4.07E-01	4.11E-01	4.90E-01	4.85E-01	4.15E-01	4.11E-01	4.74E-01	4.04E-01	4.98E-01	4.02E-01	4.13E-01	4.65E-01	4.11E-01	4.91E-01	4.45E-01	4.13E-01	4.13E-01	4.02E-01	4.75E-01	4.21E-01	4.77E-01	4.89E-01	4.39E-01	4.11E-01	3.66E-01	3.60E-01	4.96E-01	4.98E-01	4.47E-01	4.93E-01	4.76E-01	4.27E-01	5.01E-01	4.15E-01	4.96E-01	5.18E-01	4.98E-01	4.26E-01	4.62E-01	5.04E-01	5.08E-01	5.07E-01	3.97E-01	4.35E-01	4.32E-01	4.98E-01	4.32E-01	4.86E-01	3.97E-01	3.99E-01	4.05E-01	5.14E-01	4.73E-01	4.66E-01	5.04E-01	5.06E-01	4.22E-01	4.21E-01	4.19E-01	4.32E-01	3.93E-01	5.18E-01	4.95E-01	4.65E-01	5.07E-01	5.15E-01	3.95E-01	5.03E-01	4.53E-01	4.46E-01	5.04E-01	4.96E-01	3.49E-01	4.73E-01	4.68E-01	4.93E-01	4.79E-01	4.95E-01	4.24E-01	4.94E-01	5.03E-01	4.72E-01	4.69E-01	4.99E-01	4.64E-01	4.54E-01	4.71E-01	4.43E-01	4.96E-01	3.93E-01	4.23E-01	4.82E-01	4.55E-01	5.02E-01	4.93E-01	4.09E-01	5.04E-01	5.04E-01	4.70E-01	5.00E-01	4.94E-01	4.25E-01	4.80E-01	4.50E-01	4.84E-01	4.72E-01	5.10E-01	4.00E-01	4.00E-01	4.06E-01	4.26E-01	4.41E-01	4.52E-01	4.21E-01	5.14E-01	4.92E-01	4.59E-01	3.77E-01
AE005176.1	3.92E-01	4.78E-01	4.83E-01	4.86E-01	1.00E+00	3.23E-01	2.49E-01	4.22E-01	5.33E-01	4.99E-01	4.67E-01	4.45E-01	4.92E-01	4.19E-01	4.54E-01	5.74E-02	5.24E-01	4.64E-01	4.45E-01	5.04E-01	1.97E-01	4.17E-01	4.01E-01	3.12E-01	4.56E-01	5.57E-01	4.99E-01	4.78E-01	4.66E-01	4.25E-01	3.17E-01	2.58E-01	5.77E-02	5.52E-01	3.43E-01	4.96E-01	5.20E-01	4.33E-01	4.33E-01	4.30E-01	4.64E-01	2.35E-01	5.12E-01	5.04E-01	4.28E-01	2.88E-01	5.56E-01	4.96E-01	4.65E-01	4.73E-01	2.89E-01	4.97E-01	5.51E-01	5.29E-01	4.27E-01	2.46E-01	4.27E-01	5.12E-01	3.19E-01	3.20E-01	3.15E-01	4.81E-01	4.28E-01	5.26E-01	3.79E-01	4.58E-01	3.40E-01	3.21E-01	5.28E-01	4.28E-01	4.30E-01	4.29E-01	4.01E-01	3.14E-01	4.30E-01	2.68E-01	4.27E-01	4.18E-01	3.35E-01	4.35E-01	2.75E-01	4.53E-01	4.26E-01	2.81E-01	3.32E-01	4.67E-01	5.21E-01	5.48E-01	4.73E-01	5.13E-01	5.50E-01	3.37E-01	3.82E-01	5.53E-01	4.46E-01	4.75E-01	3.20E-01	4.25E-01	4.60E-01	4.57E-01	5.12E-01	3.15E-01	3.91E-01	4.85E-01	5.24E-01	3.49E-01	1.61E-01	4.25E-01	5.51E-01	2.94E-01	4.30E-01	2.90E-01	4.55E-01	4.32E-01	2.70E-01	4.29E-01	3.02E-01	4.01E-01	4.28E-01	4.28E-01	4.59E-01	2.49E-01	3.88E-01	2.81E-01	1.95E-01	4.09E-01	5.19E-01	5.23E-01	5.12E-01	4.93E-01	4.93E-01	4.58E-01	4.77E-01	5.07E-01	4.34E-01	5.08E-01	4.83E-01	4.96E-01	5.04E-01	4.89E-01	5.31E-01	2.64E-01	4.92E-01	4.93E-01	5.10E-01	4.94E-01	4.44E-01	4.29E-01	3.47E-01	4.51E-01	2.50E-01	4.97E-01	4.96E-01	4.76E-01	5.01E-01	3.03E-01	3.40E-01	4.73E-01	4.92E-01	4.95E-01	5.03E-01	4.97E-01	5.29E-01	4.45E-01	4.98E-01	4.86E-01	4.31E-01	5.15E-01	5.11E-01	4.46E-01	5.09E-01	4.78E-01	4.75E-01	5.06E-01	4.95E-01	5.07E-01	4.99E-01	2.42E-01	4.33E-01	3.05E-01	4.94E-01	4.79E-01	4.99E-01	4.98E-01	3.14E-01	4.68E-01	3.41E-01	4.19E-01	2.81E-01	5.12E-01	5.10E-01	5.00E-01	4.48E-01	5.27E-01	2.76E-01	5.42E-01	4.99E-01	4.81E-01	4.66E-01	4.98E-01	5.11E-01	3.16E-01	4.71E-01	4.79E-01	5.63E-01	5.16E-01	4.76E-01	2.93E-01	3.20E-01	4.97E-01	4.83E-01	4.52E-01	4.80E-01	5.33E-01	5.26E-01	4.27E-01	5.31E-01	5.71E-01	4.71E-01	3.88E-01	5.22E-01
AE017225.1	3.40E-01	4.82E-01	4.81E-01	4.77E-01	3.23E-01	1.00E+00	1.99E-01	4.28E-01	5.37E-01	4.91E-01	4.48E-01	4.30E-01	4.77E-01	3.50E-01	4.75E-01	3.28E-01	4.95E-01	4.73E-01	4.32E-01	4.72E-01	3.01E-01	3.51E-01	4.30E-01	3.26E-01	4.37E-01	5.53E-01	5.16E-01	4.62E-01	4.59E-01	4.15E-01	2.75E-02	2.01E-01	3.23E-01	5.49E-01	2.84E-01	4.89E-01	4.97E-01	4.16E-01	3.74E-01	4.13E-01	4.95E-01	2.47E-01	4.85E-01	4.74E-01	4.11E-01	3.21E-01	5.20E-01	4.86E-01	3.85E-01	4.87E-01	3.17E-01	4.89E-01	5.18E-01	4.82E-01	4.08E-01	1.97E-01	4.09E-01	4.86E-01	4.88E-02	4.37E-02	5.22E-02	4.92E-01	3.94E-01	5.03E-01	3.81E-01	4.70E-01	3.13E-01	2.81E-02	5.49E-01	4.15E-01	4.17E-01	4.14E-01	2.77E-01	2.79E-01	4.11E-01	2.53E-01	4.09E-01	3.74E-01	2.72E-01	3.49E-01	2.26E-01	4.77E-01	4.17E-01	2.72E-01	2.86E-01	4.83E-01	4.71E-01	5.48E-01	4.46E-01	5.16E-01	5.47E-01	2.08E-01	3.91E-01	5.45E-01	4.22E-01	4.99E-01	3.57E-02	4.11E-01	4.98E-01	4.39E-01	5.23E-01	2.63E-02	3.90E-01	4.55E-01	4.73E-01	3.51E-01	3.22E-01	4.10E-01	5.20E-01	2.59E-01	4.21E-01	3.15E-01	4.74E-01	4.16E-01	1.87E-01	4.09E-01	3.57E-01	2.75E-01	4.14E-01	4.14E-01	4.74E-01	1.97E-01	4.12E-01	3.03E-01	2.83E-01	4.30E-01	4.82E-01	4.94E-01	4.81E-01	4.99E-01	4.74E-01	4.61E-01	4.88E-01	4.96E-01	4.45E-01	4.90E-01	4.53E-01	4.86E-01	4.90E-01	4.80E-01	5.43E-01	2.62E-01	4.76E-01	4.83E-01	5.05E-01	4.87E-01	4.35E-01	4.38E-01	3.14E-01	4.62E-01	2.57E-01	4.89E-01	4.88E-01	4.51E-01	4.85E-01	1.53E-01	3.01E-01	4.73E-01	4.74E-01	4.81E-01	4.80E-01	4.71E-01	5.32E-01	4.60E-01	4.80E-01	4.74E-01	3.96E-01	4.97E-01	4.90E-01	4.56E-01	4.75E-01	4.57E-01	4.50E-01	4.70E-01	4.84E-01	4.83E-01	5.16E-01	1.98E-01	3.74E-01	3.80E-01	5.04E-01	4.50E-01	4.88E-01	4.75E-01	4.30E-02	4.72E-01	3.00E-01	4.20E-01	2.27E-01	4.95E-01	4.95E-01	4.96E-01	4.56E-01	5.28E-01	2.51E-01	5.45E-01	4.84E-01	4.95E-01	4.43E-01	4.99E-01	5.09E-01	4.26E-02	4.76E-01	4.94E-01	5.32E-01	5.10E-01	4.68E-01	2.65E-01	5.00E-02	5.11E-01	4.89E-01	4.77E-01	4.58E-01	5.23E-01	5.30E-01	4.30E-01	5.23E-01	5.33E-01	4.59E-01	3.71E-01	4.96E-01
AE017262.2	3.61E-01	4.75E-01	4.88E-01	4.75E-01	2.49E-01	1.99E-01	1.00E+00	4.47E-01	5.14E-01	4.90E-01	4.35E-01	4.06E-01	4.77E-01	3.75E-01	4.44E-01	2.56E-01	4.97E-01	4.52E-01	4.13E-01	4.68E-01	2.36E-01	3.69E-01	3.75E-01	3.13E-01	4.20E-01	5.30E-01	5.35E-01	4.46E-01	4.27E-01	3.92E-01	1.97E-01	3.66E-02	2.48E-01	5.83E-01	3.81E-01	4.97E-01	4.96E-01	3.93E-01	4.05E-01	3.91E-01	4.46E-01	1.88E-01	4.83E-01	4.69E-01	3.91E-01	3.07E-01	5.12E-01	4.94E-01	3.79E-01	4.64E-01	3.05E-01	4.96E-01	5.12E-01	5.01E-01	3.88E-01	6.75E-03	3.92E-01	4.84E-01	2.01E-01	1.99E-01	2.02E-01	4.81E-01	3.64E-01	4.97E-01	3.98E-01	4.61E-01	3.93E-01	2.00E-01	5.12E-01	3.90E-01	3.92E-01	3.90E-01	2.98E-01	3.28E-01	3.94E-01	2.87E-01	3.91E-01	4.06E-01	3.74E-01	3.91E-01	2.50E-01	4.44E-01	3.93E-01	2.88E-01	2.94E-01	4.61E-01	4.82E-01	5.29E-01	4.37E-01	4.93E-01	5.30E-01	2.20E-01	3.52E-01	5.28E-01	4.11E-01	4.67E-01	2.01E-01	3.91E-01	4.50E-01	4.20E-01	4.99E-01	1.96E-01	3.96E-01	4.53E-01	4.83E-01	3.94E-01	2.79E-01	3.88E-01	5.05E-01	2.57E-01	3.91E-01	3.05E-01	4.61E-01	3.95E-01	2.05E-01	3.91E-01	3.44E-01	3.02E-01	3.91E-01	3.91E-01	4.61E-01	3.70E-02	3.32E-01	2.31E-01	2.29E-01	3.49E-01	4.94E-01	4.94E-01	4.85E-01	4.82E-01	4.75E-01	4.56E-01	4.82E-01	5.03E-01	3.73E-01	5.05E-01	4.55E-01	4.94E-01	5.09E-01	4.74E-01	5.15E-01	2.64E-01	4.94E-01	4.97E-01	5.02E-01	4.93E-01	4.10E-01	4.15E-01	3.88E-01	4.47E-01	2.02E-01	4.97E-01	4.94E-01	4.40E-01	4.95E-01	1.91E-01	2.83E-01	4.72E-01	5.00E-01	4.63E-01	4.75E-01	4.67E-01	5.09E-01	4.35E-01	5.06E-01	4.90E-01	3.94E-01	5.30E-01	5.37E-01	4.28E-01	5.00E-01	4.57E-01	4.57E-01	4.85E-01	5.02E-01	4.84E-01	5.35E-01	3.04E-02	4.05E-01	2.76E-01	4.96E-01	4.46E-01	4.91E-01	4.70E-01	1.96E-01	4.49E-01	3.79E-01	4.32E-01	2.58E-01	4.95E-01	4.92E-01	4.88E-01	4.32E-01	5.10E-01	3.13E-01	5.31E-01	4.89E-01	4.85E-01	4.19E-01	5.09E-01	5.15E-01	2.03E-01	4.92E-01	4.93E-01	5.24E-01	4.94E-01	4.66E-01	3.19E-01	2.03E-01	5.04E-01	4.76E-01	4.44E-01	4.45E-01	4.98E-01	5.14E-01	4.00E-01	5.06E-01	5.93E-01	4.56E-01	3.66E-01	4.97E-01
AESA02000475.1	4.52E-01	4.94E-01	4.56E-01	4.73E-01	4.22E-01	4.28E-01	4.47E-01	1.00E+00	5.01E-01	4.78E-01	4.72E-01	4.64E-01	4.94E-01	4.81E-01	4.66E-01	4.21E-01	4.94E-01	4.69E-01	4.80E-01	4.99E-01	4.35E-01	4.61E-01	5.07E-01	4.35E-01	4.86E-01	4.95E-01	5.02E-01	4.91E-01	4.88E-01	4.71E-01	4.21E-01	4.50E-01	4.20E-01	5.08E-01	3.66E-01	4.79E-01	4.97E-01	4.80E-01	4.84E-01	4.78E-01	4.90E-01	4.51E-01	4.90E-01	4.97E-01	4.67E-01	4.05E-01	5.04E-01	4.78E-01	4.92E-01	4.73E-01	4.07E-01	4.79E-01	5.01E-01	5.04E-01	4.78E-01	4.48E-01	4.76E-01	4.90E-01	4.25E-01	4.20E-01	4.23E-01	4.76E-01	4.93E-01	4.93E-01	4.13E-01	4.66E-01	3.43E-01	4.24E-01	5.10E-01	4.78E-01	4.80E-01	4.79E-01	4.64E-01	4.04E-01	4.69E-01	4.18E-01	4.76E-01	4.88E-01	3.50E-01	4.58E-01	4.40E-01	4.70E-01	4.70E-01	4.22E-01	4.35E-01	4.76E-01	5.07E-01	5.01E-01	4.82E-01	4.99E-01	5.00E-01	4.39E-01	4.98E-01	5.03E-01	4.80E-01	4.98E-01	4.22E-01	4.66E-01	5.01E-01	4.88E-01	5.15E-01	4.20E-01	4.54E-01	4.83E-01	5.08E-01	3.42E-01	4.34E-01	4.70E-01	5.00E-01	4.37E-01	4.73E-01	4.03E-01	4.62E-01	4.77E-01	4.30E-01	4.77E-01	4.42E-01	4.61E-01	4.81E-01	4.80E-01	4.59E-01	4.49E-01	4.83E-01	4.58E-01	4.29E-01	4.82E-01	5.01E-01	4.95E-01	4.88E-01	4.90E-01	5.01E-01	4.77E-01	4.81E-01	5.13E-01	4.89E-01	5.05E-01	4.86E-01	4.96E-01	5.02E-01	5.12E-01	5.07E-01	4.18E-01	5.01E-01	4.89E-01	4.97E-01	4.78E-01	4.81E-01	4.72E-01	3.41E-01	4.66E-01	4.58E-01	4.79E-01	4.78E-01	4.89E-01	4.99E-01	4.29E-01	4.31E-01	4.73E-01	4.95E-01	4.98E-01	4.93E-01	4.96E-01	5.17E-01	4.66E-01	5.07E-01	5.03E-01	4.74E-01	5.01E-01	4.88E-01	4.62E-01	4.99E-01	4.71E-01	4.66E-01	5.01E-01	5.23E-01	4.84E-01	5.02E-01	4.48E-01	4.84E-01	4.65E-01	4.84E-01	4.89E-01	5.00E-01	4.84E-01	4.20E-01	4.88E-01	3.50E-01	4.59E-01	4.41E-01	4.92E-01	4.98E-01	4.93E-01	4.62E-01	5.00E-01	3.50E-01	5.05E-01	4.93E-01	4.90E-01	4.78E-01	4.81E-01	4.99E-01	4.25E-01	4.90E-01	5.17E-01	5.05E-01	5.11E-01	4.80E-01	3.54E-01	4.19E-01	5.06E-01	4.81E-01	4.69E-01	4.87E-01	4.93E-01	5.14E-01	4.95E-01	4.96E-01	5.27E-01	5.03E-01	4.69E-01	4.96E-01
AEUD01000001.1	4.94E-01	4.92E-01	5.04E-01	4.43E-01	5.33E-01	5.37E-01	5.14E-01	5.01E-01	1.00E+00	4.48E-01	4.35E-01	4.21E-01	5.09E-01	5.07E-01	2.90E-01	5.32E-01	2.64E-01	4.04E-01	4.24E-01	3.73E-01	5.17E-01	5.03E-01	3.91E-01	4.78E-01	4.00E-01	1.52E-01	3.85E-01	3.99E-01	3.66E-01	4.04E-01	5.37E-01	5.12E-01	5.36E-01	5.48E-01	5.53E-01	2.73E-01	2.61E-01	4.05E-01	4.89E-01	4.02E-01	3.72E-01	5.08E-01	2.84E-01	3.74E-01	3.97E-01	5.32E-01	1.86E-01	2.72E-01	4.16E-01	2.83E-01	5.37E-01	2.73E-01	1.85E-01	2.95E-01	4.03E-01	5.15E-01	4.06E-01	2.82E-01	5.37E-01	5.34E-01	5.35E-01	2.91E-01	4.29E-01	2.53E-01	4.93E-01	3.09E-01	5.61E-01	5.35E-01	2.26E-01	4.05E-01	4.03E-01	4.05E-01	4.51E-01	5.48E-01	4.02E-01	4.99E-01	4.05E-01	4.69E-01	5.53E-01	4.16E-01	4.94E-01	2.86E-01	4.02E-01	4.91E-01	4.67E-01	2.77E-01	3.11E-01	1.43E-01	4.04E-01	2.54E-01	1.39E-01	4.96E-01	3.98E-01	1.43E-01	3.99E-01	3.92E-01	5.31E-01	3.98E-01	3.83E-01	4.01E-01	3.83E-01	5.37E-01	4.38E-01	3.67E-01	3.11E-01	5.20E-01	5.26E-01	4.01E-01	2.00E-01	4.96E-01	4.00E-01	5.31E-01	2.95E-01	4.07E-01	5.07E-01	4.04E-01	5.51E-01	4.56E-01	4.05E-01	4.05E-01	2.91E-01	5.09E-01	3.71E-01	5.02E-01	5.07E-01	3.85E-01	2.96E-01	2.64E-01	2.87E-01	5.00E-01	4.94E-01	4.46E-01	4.72E-01	4.45E-01	3.77E-01	4.90E-01	4.09E-01	5.05E-01	5.04E-01	4.97E-01	1.62E-01	4.99E-01	5.04E-01	5.00E-01	5.00E-01	2.71E-01	4.23E-01	4.37E-01	5.50E-01	3.50E-01	5.04E-01	2.75E-01	2.73E-01	3.71E-01	5.12E-01	5.14E-01	4.51E-01	5.11E-01	5.04E-01	3.73E-01	3.68E-01	3.73E-01	2.05E-01	2.98E-01	5.07E-01	5.16E-01	5.14E-01	5.38E-01	5.32E-01	3.00E-01	5.21E-01	4.65E-01	4.58E-01	4.99E-01	4.94E-01	2.85E-01	3.85E-01	5.13E-01	4.89E-01	4.89E-01	4.86E-01	3.99E-01	4.94E-01	4.99E-01	5.37E-01	4.32E-01	5.60E-01	4.87E-01	4.90E-01	4.72E-01	4.14E-01	5.10E-01	3.07E-01	2.24E-01	5.52E-01	1.98E-01	4.81E-01	4.84E-01	3.81E-01	5.01E-01	4.95E-01	5.32E-01	5.02E-01	4.88E-01	1.73E-01	4.13E-01	4.32E-01	5.46E-01	5.37E-01	4.98E-01	3.00E-01	2.85E-01	3.72E-01	2.07E-01	3.28E-01	3.88E-01	1.97E-01	6.08E-01	4.94E-01	4.84E-01	2.61E-01
AF063097.1	4.84E-01	4.89E-01	4.89E-01	4.89E-01	4.99E-01	4.91E-01	4.90E-01	4.78E-01	4.48E-01	1.00E+00	4.27E-01	3.86E-01	4.93E-01	5.00E-01	4.11E-01	4.94E-01	4.41E-01	4.49E-01	4.02E-01	4.18E-01	4.93E-01	4.79E-01	4.83E-01	4.91E-01	3.86E-01	4.51E-01	4.73E-01	3.96E-01	3.77E-01	3.80E-01	4.94E-01	4.89E-01	4.93E-01	5.06E-01	5.06E-01	4.27E-01	4.42E-01	3.87E-01	4.88E-01	3.78E-01	4.71E-01	5.04E-01	4.45E-01	4.19E-01	3.79E-01	4.89E-01	4.29E-01	4.32E-01	4.74E-01	4.17E-01	4.92E-01	4.33E-01	4.21E-01	4.30E-01	3.82E-01	4.90E-01	3.81E-01	4.44E-01	4.87E-01	4.87E-01	4.86E-01	4.20E-01	4.20E-01	4.47E-01	4.58E-01	4.16E-01	5.03E-01	4.96E-01	4.54E-01	3.88E-01	3.87E-01	3.85E-01	4.80E-01	4.90E-01	3.72E-01	4.95E-01	3.79E-01	4.64E-01	5.00E-01	4.49E-01	4.48E-01	4.07E-01	3.86E-01	4.95E-01	4.51E-01	4.20E-01	4.16E-01	4.52E-01	3.94E-01	4.31E-01	4.49E-01	4.73E-01	4.83E-01	4.54E-01	3.80E-01	4.73E-01	4.88E-01	3.78E-01	4.76E-01	3.86E-01	4.81E-01	4.94E-01	4.48E-01	3.81E-01	4.20E-01	4.96E-01	4.93E-01	3.82E-01	4.09E-01	4.78E-01	3.91E-01	4.91E-01	4.27E-01	3.81E-01	4.97E-01	3.82E-01	4.87E-01	4.81E-01	3.89E-01	3.90E-01	4.29E-01	4.93E-01	4.61E-01	4.87E-01	4.84E-01	4.58E-01	4.23E-01	4.42E-01	4.42E-01	4.86E-01	4.79E-01	4.45E-01	4.67E-01	4.62E-01	4.54E-01	4.95E-01	4.01E-01	4.91E-01	4.92E-01	4.91E-01	4.54E-01	4.98E-01	4.99E-01	4.94E-01	4.82E-01	4.26E-01	4.03E-01	4.09E-01	5.00E-01	4.30E-01	5.13E-01	4.31E-01	4.31E-01	3.89E-01	4.99E-01	4.85E-01	4.80E-01	5.03E-01	4.85E-01	4.06E-01	4.08E-01	4.03E-01	4.47E-01	3.95E-01	5.04E-01	4.84E-01	4.79E-01	4.96E-01	4.84E-01	3.93E-01	4.89E-01	4.67E-01	4.65E-01	4.92E-01	4.95E-01	4.43E-01	4.73E-01	4.96E-01	4.88E-01	4.91E-01	5.01E-01	3.96E-01	5.11E-01	4.78E-01	4.91E-01	4.76E-01	4.94E-01	4.89E-01	4.52E-01	4.80E-01	4.80E-01	5.10E-01	3.94E-01	4.51E-01	4.94E-01	4.50E-01	4.92E-01	5.05E-01	3.85E-01	5.00E-01	4.85E-01	4.96E-01	4.81E-01	4.86E-01	4.33E-01	4.67E-01	4.40E-01	4.88E-01	4.88E-01	4.83E-01	4.31E-01	4.07E-01	3.88E-01	4.52E-01	4.82E-01	4.74E-01	4.52E-01	5.09E-01	4.88E-01	4.57E-01	4.44E-01
AGSG01000011.1	4.77E-01	4.88E-01	4.82E-01	4.68E-01	4.67E-01	4.48E-01	4.35E-01	4.72E-01	4.35E-01	4.27E-01	1.00E+00	2.51E-01	4.90E-01	4.83E-01	3.42E-01	4.62E-01	4.15E-01	3.74E-01	2.60E-01	2.91E-01	4.51E-01	3.95E-01	4.41E-01	4.52E-01	2.57E-01	4.39E-01	4.78E-01	2.87E-01	2.69E-01	2.17E-01	4.53E-01	4.32E-01	4.60E-01	5.29E-01	4.95E-01	3.79E-01	4.09E-01	2.03E-01	4.78E-01	2.05E-01	4.33E-01	4.48E-01	4.09E-01	2.94E-01	2.18E-01	4.66E-01	4.06E-01	3.79E-01	4.13E-01	3.53E-01	4.64E-01	3.81E-01	4.05E-01	3.62E-01	2.11E-01	4.38E-01	2.11E-01	4.08E-01	4.47E-01	4.45E-01	4.49E-01	3.69E-01	3.04E-01	4.16E-01	4.17E-01	3.63E-01	5.03E-01	4.47E-01	4.50E-01	2.07E-01	2.09E-01	2.08E-01	3.99E-01	4.84E-01	2.20E-01	4.66E-01	2.13E-01	4.23E-01	4.92E-01	3.83E-01	3.93E-01	3.40E-01	2.19E-01	4.59E-01	3.70E-01	3.55E-01	3.41E-01	4.37E-01	2.71E-01	3.98E-01	4.32E-01	4.12E-01	4.30E-01	4.37E-01	2.51E-01	4.37E-01	4.50E-01	2.23E-01	4.56E-01	2.59E-01	4.42E-01	4.47E-01	3.93E-01	2.52E-01	3.45E-01	4.85E-01	4.48E-01	2.20E-01	3.87E-01	4.65E-01	2.38E-01	4.65E-01	3.71E-01	2.13E-01	4.30E-01	2.11E-01	4.60E-01	4.00E-01	2.08E-01	2.08E-01	3.61E-01	4.35E-01	3.99E-01	4.49E-01	4.51E-01	3.93E-01	3.59E-01	4.15E-01	4.06E-01	4.88E-01	4.88E-01	4.15E-01	4.47E-01	4.53E-01	3.86E-01	4.81E-01	2.81E-01	5.20E-01	4.94E-01	4.81E-01	4.51E-01	4.52E-01	4.75E-01	5.07E-01	5.02E-01	3.77E-01	2.62E-01	2.75E-01	4.95E-01	3.61E-01	4.53E-01	3.80E-01	3.78E-01	2.58E-01	5.04E-01	4.43E-01	4.22E-01	4.92E-01	4.99E-01	2.78E-01	2.78E-01	2.76E-01	4.44E-01	3.14E-01	4.96E-01	4.98E-01	4.82E-01	5.23E-01	5.19E-01	3.17E-01	5.02E-01	4.27E-01	4.24E-01	4.84E-01	5.05E-01	4.07E-01	4.78E-01	4.36E-01	4.78E-01	4.30E-01	4.92E-01	2.82E-01	5.06E-01	4.83E-01	4.48E-01	4.40E-01	4.95E-01	4.61E-01	4.05E-01	4.92E-01	4.94E-01	5.12E-01	3.14E-01	4.54E-01	4.89E-01	4.37E-01	5.07E-01	4.98E-01	2.57E-01	4.96E-01	4.79E-01	4.47E-01	4.76E-01	4.75E-01	4.22E-01	4.81E-01	3.83E-01	4.82E-01	4.46E-01	4.84E-01	3.89E-01	3.38E-01	2.59E-01	4.34E-01	4.68E-01	4.49E-01	4.40E-01	5.38E-01	4.84E-01	3.76E-01	4.11E-01
AHZD02000001.1	4.60E-01	4.68E-01	4.81E-01	4.26E-01	4.45E-01	4.30E-01	4.06E-01	4.64E-01	4.21E-01	3.86E-01	2.51E-01	1.00E+00	4.81E-01	4.82E-01	2.76E-01	4.40E-01	3.83E-01	3.39E-01	1.83E-01	2.07E-01	4.19E-01	3.50E-01	4.13E-01	4.38E-01	1.40E-01	4.25E-01	4.84E-01	2.00E-01	1.62E-01	8.12E-02	4.31E-01	4.07E-01	4.40E-01	5.26E-01	4.94E-01	3.34E-01	3.80E-01	1.02E-01	4.73E-01	1.03E-01	4.11E-01	4.22E-01	3.80E-01	2.08E-01	8.10E-02	4.39E-01	3.71E-01	3.36E-01	3.97E-01	2.99E-01	4.39E-01	3.37E-01	3.67E-01	3.13E-01	1.02E-01	4.08E-01	1.03E-01	3.81E-01	4.30E-01	4.27E-01	4.28E-01	3.17E-01	2.39E-01	3.93E-01	3.93E-01	3.02E-01	5.02E-01	4.29E-01	4.29E-01	1.03E-01	1.05E-01	1.04E-01	3.75E-01	4.69E-01	8.48E-02	4.47E-01	1.04E-01	3.83E-01	4.89E-01	3.39E-01	3.48E-01	2.74E-01	8.25E-02	4.43E-01	3.07E-01	3.00E-01	2.89E-01	4.25E-01	1.73E-01	3.62E-01	4.14E-01	3.82E-01	3.93E-01	4.26E-01	1.47E-01	4.33E-01	4.30E-01	8.74E-02	4.30E-01	1.42E-01	4.40E-01	4.28E-01	3.42E-01	1.50E-01	2.97E-01	4.67E-01	4.24E-01	8.37E-02	3.31E-01	4.40E-01	1.18E-01	4.39E-01	3.13E-01	1.06E-01	4.13E-01	1.01E-01	4.27E-01	3.77E-01	1.05E-01	1.04E-01	3.09E-01	4.10E-01	3.59E-01	4.27E-01	4.14E-01	3.56E-01	3.11E-01	3.86E-01	3.77E-01	4.95E-01	4.73E-01	3.91E-01	4.28E-01	4.29E-01	3.44E-01	4.93E-01	1.83E-01	5.13E-01	5.10E-01	4.85E-01	4.28E-01	4.38E-01	4.80E-01	5.11E-01	4.97E-01	3.29E-01	1.83E-01	1.89E-01	4.89E-01	3.10E-01	4.31E-01	3.32E-01	3.37E-01	1.55E-01	5.15E-01	4.25E-01	4.00E-01	4.82E-01	5.11E-01	1.89E-01	1.88E-01	1.84E-01	4.16E-01	2.40E-01	5.17E-01	5.02E-01	4.51E-01	5.30E-01	5.16E-01	2.38E-01	5.04E-01	3.84E-01	3.78E-01	4.97E-01	5.23E-01	3.72E-01	4.84E-01	4.04E-01	4.73E-01	3.88E-01	4.84E-01	1.87E-01	4.97E-01	4.79E-01	4.31E-01	4.23E-01	4.93E-01	4.32E-01	3.57E-01	4.79E-01	4.65E-01	5.03E-01	2.42E-01	4.32E-01	4.69E-01	4.31E-01	4.92E-01	4.78E-01	1.57E-01	5.04E-01	4.90E-01	4.31E-01	4.76E-01	4.77E-01	3.95E-01	4.60E-01	3.60E-01	4.67E-01	4.29E-01	5.07E-01	3.43E-01	2.69E-01	1.52E-01	4.01E-01	4.67E-01	4.32E-01	4.13E-01	5.44E-01	4.72E-01	3.41E-01	3.85E-01
AJ294424.1	4.90E-01	5.10E-01	5.02E-01	4.87E-01	4.92E-01	4.77E-01	4.77E-01	4.94E-01	5.09E-01	4.93E-01	4.90E-01	4.81E-01	1.00E+00	5.08E-01	4.82E-01	4.92E-01	4.97E-01	4.94E-01	4.98E-01	4.86E-01	4.99E-01	4.83E-01	4.85E-01	4.76E-01	4.93E-01	5.06E-01	4.84E-01	4.78E-01	4.80E-01	4.94E-01	4.88E-01	4.82E-01	4.88E-01	5.04E-01	4.80E-01	4.85E-01	4.96E-01	4.87E-01	4.99E-01	4.88E-01	4.77E-01	4.82E-01	4.97E-01	4.86E-01	4.91E-01	4.79E-01	5.02E-01	4.85E-01	4.75E-01	4.77E-01	4.82E-01	4.85E-01	4.98E-01	4.79E-01	4.87E-01	4.77E-01	4.90E-01	4.94E-01	4.87E-01	4.87E-01	4.91E-01	4.81E-01	4.90E-01	5.04E-01	4.88E-01	4.94E-01	4.86E-01	4.74E-01	4.94E-01	4.88E-01	4.86E-01	4.87E-01	4.69E-01	4.91E-01	4.95E-01	4.78E-01	4.89E-01	4.95E-01	4.80E-01	4.85E-01	4.78E-01	4.86E-01	4.94E-01	4.86E-01	4.86E-01	4.86E-01	4.80E-01	5.09E-01	4.87E-01	5.01E-01	5.10E-01	4.73E-01	4.89E-01	5.15E-01	4.86E-01	4.77E-01	4.81E-01	4.93E-01	4.89E-01	4.92E-01	5.15E-01	4.76E-01	4.96E-01	4.89E-01	4.79E-01	4.99E-01	4.91E-01	4.93E-01	4.93E-01	4.95E-01	4.92E-01	4.81E-01	4.90E-01	5.00E-01	4.78E-01	4.92E-01	5.03E-01	4.74E-01	4.88E-01	4.88E-01	4.84E-01	4.76E-01	4.87E-01	4.77E-01	4.89E-01	4.96E-01	4.81E-01	4.99E-01	4.93E-01	4.99E-01	5.11E-01	4.95E-01	4.91E-01	4.96E-01	4.80E-01	4.91E-01	4.81E-01	4.92E-01	4.88E-01	4.98E-01	5.14E-01	4.79E-01	4.82E-01	4.96E-01	5.07E-01	4.86E-01	4.99E-01	5.00E-01	4.89E-01	4.76E-01	4.83E-01	4.87E-01	4.83E-01	4.92E-01	4.99E-01	4.92E-01	4.88E-01	4.82E-01	5.10E-01	4.96E-01	5.00E-01	4.97E-01	4.99E-01	4.83E-01	5.05E-01	4.92E-01	4.93E-01	5.05E-01	5.06E-01	4.74E-01	4.95E-01	4.84E-01	4.89E-01	5.16E-01	4.86E-01	4.95E-01	4.84E-01	4.73E-01	4.99E-01	4.87E-01	5.07E-01	4.84E-01	4.87E-01	4.92E-01	4.83E-01	4.99E-01	4.88E-01	5.07E-01	4.77E-01	4.95E-01	5.02E-01	5.16E-01	4.76E-01	5.06E-01	4.76E-01	5.08E-01	5.08E-01	5.12E-01	4.91E-01	4.87E-01	5.05E-01	4.79E-01	4.96E-01	4.95E-01	5.02E-01	4.91E-01	4.83E-01	4.83E-01	4.90E-01	5.01E-01	4.87E-01	4.86E-01	4.89E-01	5.03E-01	5.01E-01	4.88E-01	5.00E-01	5.16E-01	4.96E-01	4.92E-01	4.99E-01
ALPT02000001.1	4.25E-01	4.95E-01	5.03E-01	4.94E-01	4.19E-01	3.50E-01	3.75E-01	4.81E-01	5.07E-01	5.00E-01	4.83E-01	4.82E-01	5.08E-01	1.00E+00	4.88E-01	4.20E-01	5.02E-01	4.88E-01	4.85E-01	4.89E-01	4.13E-01	4.23E-01	4.56E-01	4.28E-01	4.81E-01	5.04E-01	4.93E-01	4.89E-01	4.86E-01	4.72E-01	3.48E-01	3.77E-01	4.25E-01	5.11E-01	4.39E-01	4.86E-01	5.05E-01	4.79E-01	4.43E-01	4.77E-01	5.05E-01	3.76E-01	5.03E-01	4.92E-01	4.74E-01	4.08E-01	5.04E-01	4.85E-01	4.43E-01	4.92E-01	4.06E-01	4.86E-01	4.92E-01	5.02E-01	4.70E-01	3.73E-01	4.77E-01	5.02E-01	3.48E-01	3.50E-01	3.46E-01	4.92E-01	4.57E-01	4.99E-01	4.67E-01	4.70E-01	4.45E-01	3.45E-01	4.97E-01	4.79E-01	4.78E-01	4.77E-01	3.97E-01	4.17E-01	4.76E-01	4.15E-01	4.75E-01	4.35E-01	4.29E-01	4.41E-01	3.95E-01	4.89E-01	4.76E-01	4.19E-01	3.91E-01	4.88E-01	4.97E-01	5.02E-01	4.86E-01	4.81E-01	5.08E-01	3.57E-01	4.38E-01	5.09E-01	4.83E-01	5.16E-01	3.46E-01	4.74E-01	4.98E-01	4.83E-01	5.04E-01	3.46E-01	4.74E-01	4.91E-01	4.92E-01	4.53E-01	4.08E-01	4.74E-01	4.94E-01	3.95E-01	4.78E-01	4.08E-01	4.80E-01	4.74E-01	3.59E-01	4.71E-01	4.50E-01	3.98E-01	4.77E-01	4.77E-01	4.76E-01	3.73E-01	4.33E-01	4.05E-01	4.08E-01	4.54E-01	5.00E-01	5.02E-01	5.02E-01	4.90E-01	4.94E-01	4.75E-01	4.99E-01	5.15E-01	4.57E-01	5.00E-01	4.92E-01	4.94E-01	5.04E-01	4.96E-01	5.04E-01	4.03E-01	5.05E-01	4.81E-01	5.01E-01	4.86E-01	4.81E-01	4.89E-01	4.36E-01	4.91E-01	3.58E-01	4.86E-01	4.83E-01	4.87E-01	4.85E-01	3.45E-01	4.23E-01	5.12E-01	4.77E-01	4.92E-01	4.95E-01	4.92E-01	5.08E-01	4.85E-01	4.85E-01	5.01E-01	4.43E-01	4.89E-01	5.02E-01	4.81E-01	4.84E-01	4.93E-01	4.91E-01	4.75E-01	4.96E-01	5.03E-01	4.93E-01	3.75E-01	4.43E-01	4.17E-01	5.12E-01	4.90E-01	4.88E-01	5.10E-01	3.44E-01	4.98E-01	4.29E-01	4.68E-01	3.93E-01	5.08E-01	5.05E-01	4.95E-01	4.73E-01	5.02E-01	4.10E-01	5.05E-01	4.93E-01	4.88E-01	4.80E-01	5.06E-01	4.91E-01	3.51E-01	4.89E-01	5.01E-01	5.09E-01	5.02E-01	4.99E-01	4.22E-01	3.48E-01	4.94E-01	4.75E-01	4.88E-01	4.97E-01	4.93E-01	5.04E-01	4.64E-01	4.91E-01	5.29E-01	4.94E-01	4.55E-01	5.01E-01
AM181176.4	4.62E-01	4.85E-01	4.96E-01	3.96E-01	4.54E-01	4.75E-01	4.44E-01	4.66E-01	2.90E-01	4.11E-01	3.42E-01	2.76E-01	4.82E-01	4.88E-01	1.00E+00	4.60E-01	2.47E-01	2.73E-01	2.92E-01	2.14E-01	4.45E-01	4.05E-01	3.88E-01	4.25E-01	2.42E-01	2.53E-01	4.04E-01	2.63E-01	2.02E-01	2.37E-01	4.77E-01	4.41E-01	4.67E-01	5.38E-01	4.88E-01	1.14E-01	2.47E-01	2.34E-01	4.64E-01	2.32E-01	3.36E-01	4.47E-01	2.85E-01	2.14E-01	2.31E-01	4.64E-01	2.51E-01	1.15E-01	3.78E-01	6.27E-02	4.66E-01	1.16E-01	2.51E-01	2.13E-01	2.35E-01	4.45E-01	2.36E-01	2.85E-01	4.81E-01	4.76E-01	4.74E-01	8.23E-02	3.01E-01	2.66E-01	4.30E-01	7.21E-02	5.04E-01	4.73E-01	2.64E-01	2.35E-01	2.39E-01	2.36E-01	3.86E-01	5.10E-01	2.36E-01	4.48E-01	2.34E-01	4.19E-01	4.88E-01	3.53E-01	4.03E-01	4.08E-02	2.38E-01	4.47E-01	3.73E-01	8.03E-02	2.16E-01	2.48E-01	2.35E-01	2.63E-01	2.50E-01	4.24E-01	3.77E-01	2.59E-01	2.43E-01	3.58E-01	4.74E-01	2.33E-01	3.60E-01	2.47E-01	3.82E-01	4.76E-01	3.52E-01	2.21E-01	2.17E-01	4.81E-01	4.55E-01	2.34E-01	2.30E-01	4.59E-01	2.41E-01	4.65E-01	7.59E-02	2.36E-01	4.48E-01	2.37E-01	4.80E-01	3.95E-01	2.38E-01	2.39E-01	6.63E-02	4.40E-01	3.18E-01	4.43E-01	4.42E-01	3.40E-01	2.15E-01	2.48E-01	2.85E-01	4.89E-01	4.93E-01	3.90E-01	4.35E-01	4.23E-01	3.24E-01	4.78E-01	2.48E-01	5.09E-01	5.10E-01	4.80E-01	2.75E-01	4.39E-01	4.88E-01	5.04E-01	4.97E-01	1.11E-01	2.89E-01	3.09E-01	4.92E-01	1.77E-01	4.57E-01	1.16E-01	1.15E-01	1.99E-01	5.19E-01	4.49E-01	3.99E-01	5.00E-01	5.04E-01	2.14E-01	2.13E-01	2.14E-01	2.30E-01	8.21E-02	5.18E-01	4.91E-01	4.59E-01	5.37E-01	5.34E-01	8.75E-02	5.09E-01	3.95E-01	3.93E-01	4.98E-01	5.17E-01	2.78E-01	4.04E-01	4.39E-01	4.64E-01	4.05E-01	4.90E-01	2.47E-01	4.92E-01	4.93E-01	4.72E-01	3.90E-01	4.97E-01	4.46E-01	4.10E-01	4.72E-01	4.20E-01	5.03E-01	8.72E-02	2.88E-01	4.85E-01	3.06E-01	5.01E-01	4.84E-01	2.01E-01	5.10E-01	5.00E-01	4.71E-01	4.82E-01	4.83E-01	2.45E-01	3.98E-01	3.77E-01	4.78E-01	4.78E-01	5.07E-01	1.30E-01	3.55E-02	2.04E-01	2.51E-01	3.56E-01	3.81E-01	2.60E-01	5.99E-01	4.79E-01	3.79E-01	2.53E-01
AM406671.1	3.99E-01	4.82E-01	4.86E-01	4.94E-01	5.74E-02	3.28E-01	2.56E-01	4.21E-01	5.32E-01	4.94E-01	4.62E-01	4.40E-01	4.92E-01	4.20E-01	4.60E-01	1.00E+00	5.25E-01	4.73E-01	4.42E-01	5.04E-01	1.93E-01	4.15E-01	3.92E-01	3.16E-01	4.55E-01	5.55E-01	4.94E-01	4.77E-01	4.67E-01	4.25E-01	3.25E-01	2.62E-01	3.02E-02	5.53E-01	3.40E-01	5.01E-01	5.21E-01	4.29E-01	4.25E-01	4.26E-01	4.60E-01	2.33E-01	5.14E-01	5.04E-01	4.27E-01	2.95E-01	5.58E-01	5.00E-01	4.60E-01	4.79E-01	2.95E-01	5.01E-01	5.52E-01	5.31E-01	4.25E-01	2.54E-01	4.24E-01	5.14E-01	3.29E-01	3.28E-01	3.22E-01	4.84E-01	4.22E-01	5.28E-01	3.84E-01	4.68E-01	3.37E-01	3.25E-01	5.31E-01	4.24E-01	4.28E-01	4.27E-01	4.01E-01	3.16E-01	4.28E-01	2.79E-01	4.25E-01	4.20E-01	3.33E-01	4.30E-01	2.81E-01	4.59E-01	4.24E-01	2.88E-01	3.33E-01	4.72E-01	5.21E-01	5.49E-01	4.73E-01	5.15E-01	5.50E-01	3.36E-01	3.75E-01	5.52E-01	4.49E-01	4.67E-01	3.24E-01	4.24E-01	4.55E-01	4.56E-01	5.06E-01	3.22E-01	3.90E-01	4.86E-01	5.24E-01	3.51E-01	1.66E-01	4.25E-01	5.52E-01	3.02E-01	4.32E-01	2.96E-01	4.62E-01	4.31E-01	2.72E-01	4.26E-01	3.05E-01	4.01E-01	4.26E-01	4.25E-01	4.66E-01	2.55E-01	3.86E-01	2.76E-01	1.89E-01	4.01E-01	5.21E-01	5.26E-01	5.14E-01	4.90E-01	4.84E-01	4.57E-01	4.84E-01	5.02E-01	4.29E-01	5.10E-01	4.84E-01	4.97E-01	5.07E-01	4.95E-01	5.29E-01	2.70E-01	4.98E-01	4.94E-01	4.99E-01	4.98E-01	4.38E-01	4.29E-01	3.46E-01	4.57E-01	2.44E-01	5.00E-01	5.00E-01	4.75E-01	4.96E-01	3.03E-01	3.43E-01	4.72E-01	4.91E-01	4.95E-01	5.03E-01	4.98E-01	5.33E-01	4.51E-01	4.94E-01	4.88E-01	4.30E-01	5.16E-01	5.14E-01	4.53E-01	5.08E-01	4.79E-01	4.77E-01	5.08E-01	4.96E-01	5.08E-01	4.94E-01	2.50E-01	4.25E-01	3.01E-01	4.85E-01	4.80E-01	5.04E-01	4.88E-01	3.19E-01	4.68E-01	3.36E-01	4.26E-01	2.85E-01	5.05E-01	5.09E-01	5.02E-01	4.53E-01	5.27E-01	2.80E-01	5.40E-01	4.95E-01	4.77E-01	4.68E-01	4.92E-01	5.15E-01	3.20E-01	4.76E-01	4.85E-01	5.65E-01	5.24E-01	4.81E-01	2.92E-01	3.29E-01	4.84E-01	4.93E-01	4.60E-01	4.79E-01	5.38E-01	5.29E-01	4.16E-01	5.36E-01	5.70E-01	4.69E-01	3.87E-01	5.25E-01
AM747720.1	4.81E-01	5.05E-01	5.01E-01	3.71E-01	5.24E-01	4.95E-01	4.97E-01	4.94E-01	2.64E-01	4.41E-01	4.15E-01	3.83E-01	4.97E-01	5.02E-01	2.47E-01	5.25E-01	1.00E+00	3.71E-01	3.91E-01	3.01E-01	5.12E-01	4.68E-01	4.07E-01	4.56E-01	3.34E-01	2.43E-01	3.94E-01	3.48E-01	3.15E-01	3.58E-01	4.91E-01	4.98E-01	5.29E-01	5.17E-01	5.38E-01	2.08E-01	1.79E-02	3.56E-01	4.77E-01	3.54E-01	3.58E-01	5.10E-01	6.36E-02	3.03E-01	3.51E-01	5.23E-01	2.06E-01	2.08E-01	3.62E-01	2.36E-01	5.24E-01	2.09E-01	2.43E-01	2.37E-01	3.55E-01	4.98E-01	3.53E-01	6.42E-02	4.95E-01	4.95E-01	4.95E-01	2.38E-01	3.94E-01	3.68E-02	4.70E-01	2.65E-01	5.47E-01	4.94E-01	2.92E-01	3.58E-01	3.58E-01	3.57E-01	4.07E-01	5.25E-01	3.52E-01	4.84E-01	3.51E-01	4.59E-01	5.35E-01	3.79E-01	4.75E-01	2.55E-01	3.59E-01	4.80E-01	4.49E-01	2.41E-01	2.65E-01	2.19E-01	3.31E-01	2.94E-01	2.20E-01	4.64E-01	4.07E-01	2.18E-01	3.28E-01	3.83E-01	4.93E-01	3.50E-01	3.96E-01	3.35E-01	3.82E-01	4.95E-01	4.03E-01	2.96E-01	2.62E-01	5.15E-01	5.00E-01	3.54E-01	2.38E-01	4.98E-01	3.50E-01	5.21E-01	2.52E-01	3.52E-01	4.83E-01	3.54E-01	5.22E-01	4.14E-01	3.58E-01	3.58E-01	2.44E-01	4.96E-01	3.60E-01	4.84E-01	5.08E-01	3.77E-01	2.49E-01	2.41E-02	6.45E-02	5.07E-01	4.82E-01	4.26E-01	4.60E-01	4.35E-01	3.65E-01	5.04E-01	3.31E-01	5.07E-01	5.14E-01	4.85E-01	2.32E-01	4.82E-01	4.96E-01	5.09E-01	5.10E-01	2.04E-01	3.91E-01	3.94E-01	5.41E-01	3.13E-01	5.13E-01	2.09E-01	2.08E-01	2.97E-01	5.02E-01	4.99E-01	4.56E-01	5.01E-01	5.16E-01	3.13E-01	3.02E-01	3.10E-01	2.42E-01	2.60E-01	5.09E-01	5.02E-01	5.02E-01	5.22E-01	5.17E-01	2.67E-01	5.11E-01	4.37E-01	4.31E-01	5.06E-01	5.10E-01	6.57E-02	3.94E-01	5.00E-01	4.77E-01	4.87E-01	4.97E-01	3.42E-01	4.69E-01	5.06E-01	4.89E-01	3.88E-01	5.47E-01	4.78E-01	4.76E-01	4.30E-01	3.59E-01	5.15E-01	2.70E-01	2.77E-01	5.44E-01	2.82E-01	4.89E-01	4.96E-01	3.23E-01	5.11E-01	5.00E-01	4.92E-01	4.90E-01	4.95E-01	2.11E-01	4.26E-01	4.19E-01	5.21E-01	4.96E-01	4.94E-01	2.43E-01	2.54E-01	2.90E-01	2.76E-01	3.60E-01	3.96E-01	2.67E-01	5.53E-01	4.76E-01	4.49E-01	2.39E-02
ANJD01000008.1	4.71E-01	4.82E-01	4.96E-01	4.36E-01	4.64E-01	4.73E-01	4.52E-01	4.69E-01	4.04E-01	4.49E-01	3.74E-01	3.39E-01	4.94E-01	4.88E-01	2.73E-01	4.73E-01	3.71E-01	1.00E+00	3.61E-01	3.49E-01	4.73E-01	4.49E-01	4.61E-01	4.65E-01	3.36E-01	3.89E-01	4.36E-01	3.68E-01	3.21E-01	3.24E-01	4.72E-01	4.56E-01	4.73E-01	5.28E-01	4.76E-01	3.04E-01	3.68E-01	3.27E-01	4.85E-01	3.26E-01	4.19E-01	4.66E-01	3.79E-01	3.49E-01	3.21E-01	4.59E-01	3.67E-01	3.05E-01	4.18E-01	2.75E-01	4.57E-01	3.08E-01	3.67E-01	3.49E-01	3.27E-01	4.53E-01	3.26E-01	3.79E-01	4.73E-01	4.72E-01	4.69E-01	2.92E-01	3.90E-01	3.79E-01	4.42E-01	2.95E-01	4.85E-01	4.68E-01	3.96E-01	3.29E-01	3.31E-01	3.29E-01	4.26E-01	4.83E-01	3.22E-01	4.71E-01	3.25E-01	4.51E-01	4.74E-01	4.08E-01	4.39E-01	2.69E-01	3.29E-01	4.65E-01	4.33E-01	2.77E-01	3.45E-01	3.88E-01	3.38E-01	3.72E-01	3.85E-01	4.49E-01	4.51E-01	3.87E-01	3.36E-01	4.40E-01	4.70E-01	3.20E-01	4.29E-01	3.42E-01	4.61E-01	4.71E-01	4.09E-01	3.25E-01	3.47E-01	4.69E-01	4.55E-01	3.24E-01	3.46E-01	4.80E-01	3.30E-01	4.62E-01	2.95E-01	3.27E-01	4.62E-01	3.30E-01	4.83E-01	4.30E-01	3.29E-01	3.30E-01	2.87E-01	4.54E-01	4.15E-01	4.57E-01	4.71E-01	4.28E-01	3.53E-01	3.70E-01	3.74E-01	5.01E-01	4.97E-01	4.23E-01	4.69E-01	4.61E-01	4.15E-01	4.85E-01	3.49E-01	5.11E-01	5.11E-01	4.92E-01	4.09E-01	4.60E-01	4.86E-01	5.12E-01	4.95E-01	3.03E-01	3.60E-01	3.82E-01	4.76E-01	2.87E-01	4.70E-01	3.07E-01	3.05E-01	3.20E-01	5.08E-01	4.62E-01	4.25E-01	4.89E-01	5.09E-01	3.41E-01	3.36E-01	3.35E-01	3.84E-01	2.42E-01	5.19E-01	5.03E-01	4.90E-01	5.23E-01	5.24E-01	2.39E-01	5.16E-01	4.34E-01	4.38E-01	5.11E-01	5.12E-01	3.73E-01	4.36E-01	4.51E-01	4.85E-01	4.62E-01	4.86E-01	3.47E-01	4.82E-01	4.88E-01	4.70E-01	4.35E-01	4.75E-01	4.72E-01	4.40E-01	4.86E-01	4.66E-01	5.07E-01	2.43E-01	4.03E-01	4.74E-01	4.12E-01	4.94E-01	4.94E-01	3.27E-01	4.97E-01	4.92E-01	4.69E-01	4.89E-01	4.94E-01	3.72E-01	4.47E-01	4.32E-01	4.60E-01	4.73E-01	4.97E-01	3.19E-01	2.64E-01	3.25E-01	3.80E-01	4.39E-01	4.56E-01	3.83E-01	5.52E-01	5.07E-01	4.34E-01	3.74E-01
